0.08899998664855957
0.029000043869018555
0.08299994468688965
0.03600001335144043
0.0989999771118164
0.07800006866455078
0.06099987030029297
0.05200004577636719
0.05800008773803711
0.06999993324279785
0.06200003623962402
0.11200001907348633
0.08599996566772461
0.026000022888183594
0.0969998836517334
0.026000022888183594
0.09000015258789062
0.023999929428100586
0.07899999618530273
0.046000003814697266
0.0839998722076416
0.0410001277923584
0.06800007820129395
0.053999900817871094
0.10899996757507324
0.06400012969970703
0.04499983787536621
0.07400012016296387
0.05900001525878906
0.06099987030029297
0.04500007629394531
0.10600007247924805
0.0969998836517334