0.07799983024597168
0.0820000171661377
0.09400010108947754
0.08099985122680664
0.09800004959106445
0.07500004768371582
0.10299992561340332
0.07500004768371582
0.10100007057189941
0.09299993515014648
0.0839998722076416
0.09500002861022949
0.07899999618530273
0.07599997520446777
0.10199999809265137
0.11099999237060547
0.09800004959106445
0.09000015258789062
0.10099983215332031
0.08100008964538574
0.07999992370605469
0.09400010108947754
0.09800004959106445
0.06099987030029297
0.0989999771118164
0.09200000762939453
0.08500003814697266
0.09400010108947754
0.07999992370605469
0.0690000057220459
0.07599997520446777
0.07699990272521973
0.0970001220703125
0.0969998836517334
0.08100008964538574
0.08599996566772461
0.08800005912780762
0.07999992370605469
0.0989999771118164
0.07800006866455078
0.07899999618530273
0.09800004959106445
0.15899991989135742
0.09299993515014648
0.0840001106262207
0.056999921798706055
0.10199999809265137
0.09200000762939453
0.08899998664855957
0.06800007820129395
0.10400009155273438
0.07399988174438477
0.10199999809265137
0.07599997520446777
0.10000014305114746
0.07899999618530273
0.0969998836517334
0.12300009727478027
0.09499997329711914
0.0820000171661377
0.07500004768371582