0.09599995613098145
0.08100008964538574
0.09500002861022949
0.09500002861022949
0.12499980735778809
0.06800007820129395
0.09299993515014648
0.031000137329101562
0.13500005340576172
0.09499979019165039
0.09800004959106445
0.07800006866455078
0.0969998836517334
0.07000017166137695
0.10599994659423828
0.06399989128112793
0.0970001220703125
0.09200000762939453
0.08299994468688965
0.09100008010864258
0.07799983024597168
0.08700013160705566
0.09200000762939453
0.10199999809265137
0.07999992370605469
0.07400012016296387
0.09999990463256836
0.06599998474121094
0.06999993324279785
0.1119999885559082
0.08800005912780762
0.07700014114379883
0.09200000762939453
0.08299994468688965
0.0839998722076416
0.08100008964538574
0.06999993324279785
0.06800007820129395
0.11800003051757812
0.04200005531311035
0.07999992370605469
0.07800006866455078
0.07500004768371582
0.0709998607635498
0.09800004959106445
0.06299996376037598
0.10199999809265137
0.07200002670288086
0.08800005912780762
0.08800005912780762
0.07700014114379883
0.09200000762939453
0.08299994468688965
0.0839998722076416
0.08100008964538574
0.06999993324279785
0.06800007820129395
0.08800005912780762
0.07700014114379883
0.09200000762939453
0.08299994468688965
0.0839998722076416
0.08100008964538574
0.06999993324279785
0.06800007820129395
0.10199999809265137
0.10199999809265137